2 0.4723788049605411 0.5475738292865628 0.5248027057497181 0.5475738292865628 0.5248027057497181 0.6409585133509378 0.4723788049605411 0.6409585133509378
0 0.4774520856820745 0.8263129620241673 0.5214205186020293 0.8263129620241673 0.5214205186020293 0.9409214379213547 0.4774520856820745 0.9409214379213547
0 0.5045095828635848 0.4485294674001045 0.5372040586245768 0.4485294674001045 0.5372040586245768 0.5008814872543756 0.5045095828635848 0.5008814872543756
1 0.7130777903043969 0.20233348213947924 0.9329199549041713 0.20233348213947924 0.9329199549041713 0.5433290709200003 0.7130777903043969 0.5433290709200003
0 0.22378804960541143 0.36787905843541663 0.2361894024802706 0.36787905843541663 0.2361894024802706 0.4598488230442709 0.22378804960541143 0.4598488230442709
0 0.5011273957158963 0.7937698145471881 0.5439684329199549 0.7937698145471881 0.5439684329199549 0.895644015344688 0.5011273957158963 0.895644015344688
0 0.5236753100338218 0.7484923919705213 0.5648252536640361 0.7484923919705213 0.5648252536640361 0.8489516733125003 0.5236753100338218 0.8489516733125003
0 0.2378804960541151 0.3721238168019792 0.24802705749718157 0.3721238168019792 0.24802705749718157 0.4570189841332293 0.2378804960541151 0.4570189841332293
0 0.24915445321307786 0.36929397789093793 0.2773393461104848 0.36929397789093793 0.2773393461104848 0.4570189841332294 0.24915445321307786 0.4570189841332294
0 0.48647125140924463 0.4456996284890627 0.503945885005637 0.4456996284890627 0.503945885005637 0.5037113261654169 0.48647125140924463 0.5037113261654169
0 0.47068771138669674 0.44145487012250023 0.4859075535512965 0.44145487012250023 0.4859075535512965 0.5037113261654169 0.47068771138669674 0.5037113261654169
