0 0.22209695603156698 0.3692939778909377 0.2373167981961667 0.3692939778909377 0.2373167981961667 0.45418914522218756 0.22209695603156698 0.45418914522218756
1 0.7130777903043969 0.20233348213947924 0.9329199549041713 0.20233348213947924 0.9329199549041713 0.5433290709200003 0.7130777903043969 0.5433290709200003
0 0.4774520856820745 0.8333875593017714 0.5225479143179256 0.8333875593017714 0.5225479143179256 0.9451661962879172 0.4774520856820745 0.9451661962879172
0 0.4977452085682074 0.7923548950916671 0.5417136414881624 0.7923548950916671 0.5417136414881624 0.904133532077813 0.4977452085682074 0.904133532077813
0 0.507891770011274 0.4556040646777086 0.5400225479143179 0.4556040646777086 0.5400225479143179 0.5221052790871877 0.507891770011274 0.5221052790871877
2 0.4723788049605411 0.5475738292865628 0.5248027057497181 0.5475738292865628 0.5248027057497181 0.6409585133509378 0.4723788049605411 0.6409585133509378
0 0.23900789177001125 0.36787905843541685 0.2485907553551296 0.36787905843541685 0.2485907553551296 0.45701898413322956 0.23900789177001125 0.45701898413322956
0 0.48928974069898545 0.45418914522218773 0.5062006764374298 0.45418914522218773 0.5062006764374298 0.5206903596316677 0.48928974069898545 0.5206903596316677
0 0.47125140924464487 0.4570189841332294 0.48928974069898534 0.4570189841332294 0.48928974069898534 0.5221052790871878 0.47125140924464487 0.5221052790871878
0 0.24915445321307814 0.36787905843541624 0.2773393461104848 0.36787905843541624 0.2773393461104848 0.4598488230442712 0.24915445321307814 0.4598488230442712
1 0.14938030006523156 0.04748333092545651 0.3000652315720809 0.04748333092545651 0.3000652315720809 0.35039423510509293 0.14938030006523156 0.35039423510509293
