2 0.4723788049605411 0.5475738292865628 0.5248027057497181 0.5475738292865628 0.5248027057497181 0.6409585133509378 0.4723788049605411 0.6409585133509378
1 0.7130777903043969 0.20233348213947924 0.9329199549041713 0.20233348213947924 0.9329199549041713 0.5433290709200003 0.7130777903043969 0.5433290709200003
0 0.22378804960541146 0.36504921952437497 0.23562570462232243 0.36504921952437497 0.23562570462232243 0.4598488230442707 0.22378804960541146 0.4598488230442707
0 0.4774520856820745 0.8263129620241673 0.5225479143179256 0.8263129620241673 0.5225479143179256 0.9451661962879172 0.4774520856820745 0.9451661962879172
0 0.5011273957158963 0.7881101367251047 0.5428410372040586 0.7881101367251047 0.5428410372040586 0.8984738542557296 0.5011273957158963 0.8984738542557296
0 0.5056369785794815 0.4471145479445834 0.5349492671927846 0.4471145479445834 0.5349492671927846 0.5065411650764585 0.5056369785794815 0.5065411650764585
0 0.5225479143179256 0.7470774725150006 0.5653889515219842 0.7470774725150006 0.5653889515219842 0.8475367538569797 0.5225479143179256 0.8475367538569797
0 0.23731679819616666 0.3707088973464583 0.24915445321307778 0.3707088973464583 0.24915445321307778 0.4584339035887498 0.23731679819616666 0.4584339035887498
0 0.4718151071025932 0.45135930631114624 0.48534385569334826 0.45135930631114624 0.48534385569334826 0.5051262456209377 0.4718151071025932 0.5051262456209377
0 0.249718151071026 0.36646413897989577 0.26155580608793694 0.36646413897989577 0.26155580608793694 0.45843390358874997 0.249718151071026 0.45843390358874997
0 0.4864712514092445 0.4485294674001048 0.5050732807215332 0.4485294674001048 0.5050732807215332 0.5051262456209377 0.4864712514092445 0.5051262456209377
0 0.5360766629086808 0.44286978957802114 0.5659526493799323 0.44286978957802114 0.5659526493799323 0.5051262456209379 0.5360766629086808 0.5051262456209379
0 0.2621195039458848 0.3692939778909372 0.2886133032694475 0.3692939778909372 0.2886133032694475 0.45843390358875014 0.2621195039458848 0.45843390358875014
