2 0.4723788049605411 0.5475738292865628 0.5248027057497181 0.5475738292865628 0.5248027057497181 0.6409585133509378 0.4723788049605411 0.6409585133509378
1 0.7130777903043969 0.20233348213947924 0.9329199549041713 0.20233348213947924 0.9329199549041713 0.5433290709200003 0.7130777903043969 0.5433290709200003
0 0.4774520856820745 0.8305577203907297 0.5214205186020293 0.8305577203907297 0.5214205186020293 0.9437512768323965 0.4774520856820745 0.9437512768323965
0 0.2226606538895152 0.3678790584354165 0.23788049605411493 0.3678790584354165 0.23788049605411493 0.45984882304427066 0.2226606538895152 0.45984882304427066
0 0.5 0.7965996534582296 0.5428410372040586 0.7965996534582296 0.5428410372040586 0.9013036931667714 0.5 0.9013036931667714
0 0.48759864712514095 0.4456996284890629 0.5197294250281849 0.4456996284890629 0.5197294250281849 0.5093710039875003 0.48759864712514095 0.5093710039875003
0 0.520293122886133 0.7527371503370837 0.5653889515219842 0.7527371503370837 0.5653889515219842 0.8489516733125003 0.520293122886133 0.8489516733125003
0 0.5428410372040586 0.7173641639490629 0.5828635851183764 0.7173641639490629 0.5828635851183764 0.8036742507358338 0.5428410372040586 0.8036742507358338
0 0.23900789177001125 0.36787905843541663 0.2632468996617812 0.36787905843541663 0.2632468996617812 0.45984882304427127 0.23900789177001125 0.45984882304427127
0 0.47125140924464487 0.44994438685562527 0.48816234498308897 0.44994438685562527 0.48816234498308897 0.5065411650764586 0.47125140924464487 0.5065411650764586
