1 0.7130777903043969 0.20233348213947924 0.9329199549041713 0.20233348213947924 0.9329199549041713 0.5433290709200003 0.7130777903043969 0.5433290709200003
0 0.4774520856820745 0.8305577203907297 0.520293122886133 0.8305577203907297 0.520293122886133 0.9437512768323965 0.4774520856820745 0.9437512768323965
0 0.2502818489289737 0.3721238168019796 0.2745208568207441 0.3721238168019796 0.2745208568207441 0.4612637424997917 0.2502818489289737 0.4612637424997917
0 0.22378804960541168 0.3721238168019792 0.23844419391206306 0.3721238168019792 0.23844419391206306 0.45843390358874997 0.22378804960541168 0.45843390358874997
0 0.5022547914317925 0.7909399756361462 0.5428410372040586 0.7909399756361462 0.5428410372040586 0.8984738542557297 0.5022547914317925 0.8984738542557297
0 0.4763246899661781 0.7400028752373963 0.5191657271702368 0.7400028752373963 0.5191657271702368 0.8333875593017712 0.4763246899661781 0.8333875593017712
0 0.23788049605411518 0.3692939778909381 0.24915445321307783 0.3692939778909381 0.24915445321307783 0.4598488230442717 0.23788049605411518 0.4598488230442717
0 0.47125140924464487 0.4471145479445832 0.48647125140924424 0.4471145479445832 0.48647125140924424 0.5008814872543752 0.47125140924464487 0.5008814872543752
0 0.5000000000000001 0.43721011175593766 0.5355129650507329 0.43721011175593766 0.5355129650507329 0.4994665677988546 0.5000000000000001 0.4994665677988546
2 0.4723788049605414 0.551818587653125 0.5214205186020293 0.551818587653125 0.5214205186020293 0.6494480300840629 0.4723788049605414 0.6494480300840629
