0 0.22209695603156698 0.3692939778909377 0.2373167981961667 0.3692939778909377 0.2373167981961667 0.45418914522218756 0.22209695603156698 0.45418914522218756
1 0.7130777903043969 0.20233348213947924 0.9329199549041713 0.20233348213947924 0.9329199549041713 0.5433290709200003 0.7130777903043969 0.5433290709200003
0 0.4774520856820745 0.8333875593017714 0.5225479143179256 0.8333875593017714 0.5225479143179256 0.9451661962879172 0.4774520856820745 0.9451661962879172
0 0.4977452085682074 0.7923548950916671 0.5417136414881624 0.7923548950916671 0.5417136414881624 0.904133532077813 0.4977452085682074 0.904133532077813
0 0.5056369785794814 0.4527742257666669 0.5377677564825254 0.4527742257666669 0.5377677564825254 0.5192754401761461 0.5056369785794814 0.5192754401761461
2 0.4723788049605411 0.5475738292865628 0.5248027057497181 0.5475738292865628 0.5248027057497181 0.6409585133509378 0.4723788049605411 0.6409585133509378
0 0.23900789177001117 0.36787905843541696 0.26324689966178116 0.36787905843541696 0.26324689966178116 0.45701898413322967 0.23900789177001117 0.45701898413322967
0 0.48928974069898545 0.45418914522218773 0.5062006764374298 0.45418914522218773 0.5062006764374298 0.5206903596316677 0.48928974069898545 0.5206903596316677
0 0.47125140924464487 0.4570189841332294 0.48928974069898534 0.4570189841332294 0.48928974069898534 0.5221052790871878 0.47125140924464487 0.5221052790871878
1 0.14938030006523156 0.04748333092545651 0.3000652315720809 0.04748333092545651 0.3000652315720809 0.35039423510509293 0.14938030006523156 0.35039423510509293
