2 0.468555 0.528989 0.459372 0.619484 0.510174 0.651964 0.519357 0.561469
0 0.446061 0.802247 0.434791 0.913308 0.477400 0.940550 0.488670 0.829488
0 0.509432 0.452916 0.504284 0.503648 0.535966 0.523904 0.541114 0.473172
1 0.735757 0.343558 0.702224 0.674003 0.915264 0.810209 0.948796 0.479764
0 0.245327 0.200836 0.236283 0.289961 0.248300 0.297644 0.257344 0.208520
0 0.472204 0.785379 0.462186 0.884100 0.503701 0.910643 0.513719 0.811921
0 0.498507 0.755471 0.488628 0.852823 0.528505 0.878318 0.538383 0.780966
0 0.258565 0.213681 0.250217 0.295949 0.260050 0.302236 0.268398 0.219968
0 0.269769 0.217923 0.261142 0.302934 0.288455 0.320397 0.297082 0.235386
0 0.492229 0.438998 0.486525 0.495214 0.503459 0.506041 0.509164 0.449825
0 0.477352 0.425106 0.471230 0.485436 0.485979 0.494865 0.492101 0.434536