2 0.527975 0.546251 0.475561 0.548746 0.476266 0.642113 0.528681 0.639618
0 0.525009 0.825181 0.481048 0.827274 0.481914 0.941861 0.525875 0.939769
0 0.495102 0.448753 0.462414 0.450309 0.462809 0.502652 0.495497 0.501096
1 0.284712 0.212528 0.064909 0.222991 0.067485 0.563926 0.287288 0.553463
0 0.775164 0.354757 0.762766 0.355347 0.763460 0.447300 0.775859 0.446710
0 0.501092 0.793771 0.458259 0.795810 0.459029 0.897666 0.501862 0.895627
0 0.478206 0.749574 0.437064 0.751533 0.437823 0.851975 0.478965 0.850016
0 0.761107 0.359672 0.750962 0.360154 0.751603 0.445034 0.761748 0.444551
0 0.749814 0.357379 0.721634 0.358720 0.722296 0.446429 0.750476 0.445088
0 0.513116 0.445066 0.495645 0.445898 0.496083 0.503898 0.513555 0.503066
0 0.528865 0.440070 0.513647 0.440795 0.514118 0.503040 0.529335 0.502315