2 0.471855 0.533890 0.464275 0.625315 0.515599 0.652128 0.523179 0.560703
0 0.452539 0.808511 0.443235 0.920715 0.486282 0.943203 0.495585 0.830999
0 0.467755 0.430580 0.463505 0.481834 0.495513 0.498556 0.499763 0.447302
1 0.100327 0.000000 0.072645 0.320999 0.287875 0.433439 0.315557 0.099597
0 0.769002 0.505580 0.761536 0.595620 0.773676 0.601963 0.781142 0.511922
0 0.433107 0.765119 0.424837 0.864856 0.466779 0.886767 0.475049 0.787030
0 0.416363 0.710123 0.408208 0.808476 0.448494 0.829522 0.456649 0.731170
0 0.757067 0.503681 0.750176 0.586795 0.760110 0.591985 0.767002 0.508871
0 0.728600 0.485918 0.721479 0.571803 0.749072 0.586219 0.756194 0.500334
0 0.500545 0.444821 0.495836 0.501615 0.512944 0.510553 0.517653 0.453759
0 0.518549 0.449891 0.513495 0.510841 0.528396 0.518625 0.533450 0.457675