2 0.529686 0.538957 0.477637 0.554666 0.482078 0.647382 0.534127 0.631673
0 0.537906 0.817223 0.494252 0.830398 0.499703 0.944187 0.543357 0.931011
0 0.493074 0.450249 0.460614 0.460045 0.463104 0.512023 0.495564 0.502226
1 0.274289 0.268311 0.056019 0.334188 0.072237 0.672745 0.290507 0.606869
0 0.767953 0.286056 0.755641 0.289772 0.760015 0.381084 0.772327 0.377368
0 0.512853 0.792007 0.470318 0.804844 0.475164 0.905990 0.517698 0.893152
0 0.488313 0.753809 0.447457 0.766140 0.452235 0.865882 0.493091 0.853551
0 0.754164 0.294493 0.744089 0.297534 0.748127 0.381822 0.758201 0.378781
0 0.742836 0.295062 0.714852 0.303508 0.719024 0.390605 0.747008 0.382160
0 0.510850 0.442034 0.493500 0.447271 0.496259 0.504867 0.513609 0.499630
0 0.526318 0.433090 0.511207 0.437651 0.514168 0.499462 0.529279 0.494901