2 0.527838 0.535447 0.476290 0.559399 0.483062 0.651223 0.534610 0.627271
1 0.904103 0.009515 0.687933 0.109955 0.712661 0.445255 0.928830 0.344815
0 0.230256 0.488089 0.218616 0.493498 0.225490 0.586714 0.237131 0.581306
0 0.545834 0.810560 0.501491 0.831164 0.510110 0.948031 0.554452 0.927428
0 0.563018 0.763724 0.522000 0.782782 0.530003 0.891303 0.571021 0.872245
0 0.530530 0.432031 0.501708 0.445423 0.506017 0.503856 0.534840 0.490464
0 0.582213 0.713075 0.540088 0.732648 0.547373 0.831430 0.589498 0.811857
0 0.243969 0.487474 0.232330 0.492882 0.238691 0.579142 0.250330 0.573734
0 0.482062 0.458867 0.468759 0.465049 0.472658 0.517917 0.485961 0.511736
0 0.255856 0.477634 0.244216 0.483042 0.250885 0.573476 0.262525 0.568067
0 0.501256 0.447071 0.482965 0.455570 0.487069 0.511221 0.505360 0.502723
0 0.560709 0.413692 0.531332 0.427342 0.535846 0.488558 0.565223 0.474908
0 0.282666 0.468055 0.256616 0.480159 0.263080 0.567810 0.289130 0.555706