2 0.531378 0.529437 0.480504 0.561192 0.489482 0.651816 0.540356 0.620062
1 0.264602 0.340195 0.051257 0.473358 0.084040 0.804276 0.297385 0.671114
0 0.755075 0.201730 0.743587 0.208901 0.752701 0.300899 0.764189 0.293729
0 0.553253 0.803012 0.509490 0.830327 0.520916 0.945668 0.564680 0.918352
0 0.526605 0.780278 0.486124 0.805545 0.496734 0.912647 0.537215 0.887380
0 0.489445 0.452092 0.461000 0.469847 0.466713 0.527517 0.495158 0.509762
0 0.501872 0.753433 0.460297 0.779382 0.469955 0.876873 0.511530 0.850924
0 0.742490 0.215418 0.731003 0.222588 0.739437 0.307720 0.750924 0.300550
0 0.522676 0.435724 0.509547 0.443919 0.514716 0.496097 0.527845 0.487902
0 0.730047 0.218810 0.718559 0.225980 0.727401 0.315232 0.738889 0.308062
0 0.508181 0.441855 0.490129 0.453123 0.495570 0.508047 0.513622 0.496780
0 0.459497 0.466411 0.430504 0.484507 0.436489 0.544923 0.465482 0.526827
0 0.718284 0.229068 0.692574 0.245116 0.701144 0.331621 0.726854 0.315574