2 0.525765 0.544237 0.473413 0.551152 0.475368 0.644407 0.527720 0.637492
1 0.926090 0.145639 0.706552 0.174638 0.713691 0.515163 0.933229 0.486164
0 0.233166 0.400108 0.221344 0.401670 0.223329 0.496339 0.235151 0.494777
0 0.529349 0.822888 0.484315 0.828836 0.486803 0.947525 0.531837 0.941577
0 0.548814 0.782061 0.507157 0.787563 0.509468 0.897775 0.551124 0.892272
0 0.533794 0.442578 0.504522 0.446445 0.505766 0.505788 0.535038 0.501922
0 0.570471 0.738110 0.527690 0.743761 0.529793 0.844083 0.572575 0.838432
0 0.246794 0.403976 0.234973 0.405537 0.236810 0.493141 0.248630 0.491580
0 0.484346 0.453359 0.470836 0.455144 0.471961 0.508837 0.485472 0.507052
0 0.259090 0.398101 0.247268 0.399662 0.249194 0.491505 0.261015 0.489944
0 0.503988 0.447931 0.485412 0.450385 0.486597 0.506903 0.505173 0.504450
0 0.564666 0.434249 0.534831 0.438190 0.536134 0.500360 0.565969 0.496419
0 0.286169 0.397358 0.259712 0.400853 0.261578 0.489869 0.288035 0.486375