2 0.530474 0.534916 0.478834 0.557590 0.485244 0.649577 0.536884 0.626904
1 0.269675 0.298941 0.053121 0.394023 0.076529 0.729919 0.293083 0.634837
0 0.762817 0.247606 0.751156 0.252726 0.757664 0.346108 0.769325 0.340988
0 0.544611 0.811680 0.500189 0.831185 0.508348 0.948260 0.552770 0.928756
0 0.518667 0.784288 0.477577 0.802330 0.485153 0.911043 0.526244 0.893002
0 0.490817 0.450344 0.461943 0.463021 0.466023 0.521559 0.494896 0.508881
0 0.494750 0.753134 0.452550 0.771662 0.459446 0.870620 0.501646 0.852091
0 0.749879 0.259032 0.738219 0.264152 0.744241 0.350565 0.755901 0.345445
0 0.524424 0.439896 0.511098 0.445748 0.514789 0.498711 0.528115 0.492859
0 0.737372 0.260214 0.725711 0.265334 0.732024 0.355929 0.743685 0.350809
0 0.509793 0.443448 0.491470 0.451493 0.495355 0.507243 0.513679 0.499198
0 0.460541 0.459328 0.431112 0.472249 0.435385 0.533574 0.464814 0.520653
0 0.725350 0.268366 0.699253 0.279824 0.705372 0.367631 0.731469 0.356173