2 0.475197 0.547574 0.475197 0.640958 0.527621 0.640958 0.527621 0.547574
1 0.067080 0.202333 0.067080 0.543329 0.286922 0.543329 0.286922 0.202333
0 0.479707 0.826313 0.479707 0.945166 0.523675 0.945166 0.523675 0.826313
0 0.764374 0.366464 0.764374 0.462679 0.776212 0.462679 0.776212 0.366464
0 0.457159 0.796600 0.457159 0.898474 0.501127 0.898474 0.501127 0.796600
0 0.498873 0.449944 0.498873 0.512201 0.511274 0.512201 0.511274 0.449944
0 0.480834 0.737173 0.480834 0.836217 0.521421 0.836217 0.521421 0.737173
0 0.749154 0.367879 0.749154 0.462679 0.763811 0.462679 0.763811 0.367879
0 0.511838 0.451359 0.511838 0.507956 0.529876 0.507956 0.529876 0.451359
0 0.721533 0.367879 0.721533 0.459849 0.748027 0.459849 0.748027 0.367879
0 0.463923 0.449944 0.463923 0.507956 0.498873 0.507956 0.498873 0.449944