2 0.470280 0.538796 0.465759 0.631488 0.517795 0.647479 0.522316 0.554787
1 0.725911 0.269537 0.709401 0.608006 0.927613 0.675067 0.944123 0.336598
0 0.460702 0.816673 0.454947 0.934645 0.498589 0.948057 0.504344 0.830085
0 0.232301 0.283198 0.227642 0.378699 0.239392 0.382311 0.244051 0.286809
0 0.484521 0.794058 0.479589 0.895177 0.523231 0.908589 0.528163 0.807470
0 0.491233 0.446876 0.488219 0.508672 0.500528 0.512454 0.503542 0.450659
0 0.467255 0.728881 0.462460 0.827191 0.502746 0.839571 0.507541 0.741262
0 0.244541 0.288385 0.239951 0.382482 0.254500 0.386953 0.259089 0.292856
0 0.472700 0.442606 0.469960 0.498784 0.487865 0.504286 0.490605 0.448108
0 0.260208 0.293200 0.255755 0.384488 0.282053 0.392570 0.286506 0.301281
0 0.503542 0.450659 0.500733 0.508241 0.535424 0.518902 0.538233 0.461320