2 0.530740 0.533412 0.479287 0.558619 0.486413 0.650273 0.537867 0.625067
1 0.268151 0.310296 0.052381 0.415999 0.078403 0.750681 0.294174 0.644978
0 0.548139 0.808887 0.504985 0.830028 0.514055 0.946680 0.557209 0.925539
0 0.760906 0.236130 0.749288 0.241822 0.756630 0.336255 0.768249 0.330563
0 0.523741 0.790566 0.480587 0.811706 0.488362 0.911694 0.531515 0.890553
0 0.507245 0.445450 0.495074 0.451413 0.499825 0.512517 0.511996 0.506554
0 0.539124 0.722482 0.499289 0.741996 0.506847 0.839206 0.546683 0.819691
0 0.748843 0.243482 0.734457 0.250529 0.741692 0.343573 0.756078 0.336526
0 0.525611 0.437895 0.507907 0.446568 0.512226 0.502117 0.529930 0.493444
0 0.733351 0.251071 0.707348 0.263809 0.714367 0.354076 0.740370 0.341338
0 0.495074 0.451413 0.460771 0.468217 0.465198 0.525155 0.499501 0.508351