2 0.526247 0.542414 0.473992 0.552995 0.476984 0.646076 0.529238 0.635496
1 0.921983 0.115920 0.702852 0.160291 0.713776 0.500183 0.932906 0.455812
0 0.530681 0.821161 0.486855 0.830035 0.490662 0.948503 0.534488 0.939629
0 0.232204 0.420255 0.220405 0.422645 0.223487 0.518548 0.235286 0.516159
0 0.552204 0.786993 0.508378 0.795867 0.511642 0.897411 0.555467 0.888537
0 0.499520 0.449879 0.487159 0.452382 0.489153 0.514437 0.501514 0.511934
0 0.526702 0.732537 0.486246 0.740728 0.489419 0.839452 0.529875 0.831260
0 0.247420 0.418594 0.232811 0.421552 0.235848 0.516045 0.250457 0.513087
0 0.486642 0.453906 0.468663 0.457546 0.470476 0.513960 0.488455 0.510320
0 0.274952 0.413019 0.248544 0.418367 0.251490 0.510039 0.277898 0.504691
0 0.534357 0.442825 0.499520 0.449879 0.501378 0.507703 0.536215 0.500649