0 0.239818 0.222221 0.232538 0.305126 0.247402 0.313349 0.254681 0.230443
1 0.733608 0.324425 0.704369 0.657429 0.919058 0.776198 0.948298 0.443194
0 0.449393 0.813393 0.439808 0.922551 0.483848 0.946914 0.493432 0.837756
0 0.472729 0.784285 0.463144 0.893444 0.506083 0.917198 0.515668 0.808039
0 0.511514 0.460908 0.505812 0.525851 0.537190 0.543209 0.542892 0.478267
2 0.468947 0.531537 0.460940 0.622732 0.512135 0.651054 0.520142 0.559859
0 0.256454 0.229975 0.248810 0.317026 0.258169 0.322203 0.265812 0.235152
0 0.493469 0.449477 0.487767 0.514419 0.504282 0.523555 0.509984 0.458613
0 0.475610 0.442495 0.470029 0.506055 0.487646 0.515801 0.493227 0.452240
0 0.266362 0.235456 0.258476 0.325271 0.286000 0.340498 0.293887 0.250683
1 0.196400 0.000000 0.170426 0.164478 0.317579 0.245886 0.343553 0.000000