0 0.228367 0.303042 0.225125 0.387546 0.240275 0.391208 0.243517 0.306704
1 0.723463 0.254962 0.710443 0.594388 0.929273 0.647275 0.942293 0.307848
0 0.464826 0.826429 0.460558 0.937693 0.505447 0.948541 0.509715 0.837278
0 0.486593 0.790467 0.482325 0.901731 0.526091 0.912309 0.530359 0.801044
0 0.509551 0.457707 0.507012 0.523902 0.538995 0.531631 0.541534 0.465436
2 0.470690 0.540710 0.467124 0.633664 0.519307 0.646276 0.522872 0.553322
0 0.245254 0.305702 0.241851 0.394432 0.251389 0.396737 0.254793 0.308007
0 0.491088 0.451823 0.488549 0.518018 0.505382 0.522087 0.507922 0.455892
0 0.473024 0.450301 0.470539 0.515087 0.488495 0.519427 0.490980 0.454640
0 0.255353 0.308143 0.251842 0.399689 0.279897 0.406470 0.283409 0.314923
1 0.168272 0.000000 0.156706 0.266736 0.306698 0.302985 0.318263 0.001469