0 0.235822 0.389908 0.220609 0.391099 0.221663 0.475953 0.236876 0.474762
1 0.929013 0.168608 0.709278 0.185808 0.713512 0.526638 0.933248 0.509439
0 0.526677 0.831462 0.481603 0.834990 0.482991 0.946714 0.528065 0.943186
0 0.545324 0.788949 0.501376 0.792389 0.502764 0.904114 0.546712 0.900674
0 0.539452 0.452494 0.507337 0.455008 0.508163 0.521477 0.540278 0.518963
2 0.525382 0.545610 0.472983 0.549712 0.474143 0.643050 0.526541 0.638949
0 0.247073 0.387612 0.237494 0.388362 0.238601 0.477458 0.248179 0.476709
0 0.505629 0.453726 0.488726 0.455049 0.489552 0.521518 0.506455 0.520195
0 0.488761 0.457878 0.470731 0.459289 0.471539 0.524343 0.489570 0.522932
0 0.275807 0.385363 0.247635 0.387568 0.248777 0.479493 0.276949 0.477288
1 0.294543 0.063345 0.143931 0.075133 0.147693 0.377897 0.298304 0.366108