0 0.764885 0.401180 0.763257 0.485976 0.778459 0.487815 0.780087 0.403018
1 0.073289 0.150378 0.066751 0.490979 0.286338 0.517537 0.292877 0.176936
0 0.471086 0.830278 0.468942 0.941926 0.513986 0.947374 0.516129 0.835726
0 0.452729 0.786977 0.450585 0.898626 0.494503 0.903938 0.496647 0.792289
0 0.460875 0.450820 0.459600 0.517244 0.491693 0.521126 0.492968 0.454702
2 0.474314 0.544522 0.472523 0.637798 0.524886 0.644131 0.526677 0.550856
0 0.753651 0.398404 0.751942 0.487441 0.761514 0.488599 0.763223 0.399562
0 0.494685 0.453493 0.493409 0.519917 0.510301 0.521960 0.511576 0.455536
0 0.511522 0.458363 0.510274 0.523373 0.528292 0.525552 0.529540 0.460542
0 0.724936 0.394931 0.723173 0.486795 0.751325 0.490200 0.753089 0.398336
1 0.708380 0.072161 0.702572 0.374721 0.853082 0.392925 0.858890 0.090365