0 0.222097 0.369294 0.222097 0.454189 0.237317 0.454189 0.237317 0.369294
1 0.713078 0.202333 0.713078 0.543329 0.932920 0.543329 0.932920 0.202333
0 0.477452 0.833388 0.477452 0.945166 0.522548 0.945166 0.522548 0.833388
0 0.497745 0.792355 0.497745 0.904134 0.541714 0.904134 0.541714 0.792355
0 0.507892 0.455604 0.507892 0.522105 0.540023 0.522105 0.540023 0.455604
2 0.472379 0.547574 0.472379 0.640958 0.524803 0.640958 0.524803 0.547574
0 0.239008 0.367879 0.239008 0.457019 0.248591 0.457019 0.248591 0.367879
0 0.489290 0.454189 0.489290 0.520690 0.506201 0.520690 0.506201 0.454189
0 0.471251 0.457019 0.471251 0.522105 0.489290 0.522105 0.489290 0.457019
0 0.249154 0.367879 0.249154 0.459849 0.277339 0.459849 0.277339 0.367879
1 0.149380 0.047483 0.149380 0.350394 0.300065 0.350394 0.300065 0.047483