2 0.528425 0.532385 0.477338 0.561923 0.485690 0.652924 0.536776 0.623386
1 0.895252 0.000000 0.681020 0.089872 0.711515 0.422166 0.925747 0.298297
0 0.230304 0.517453 0.218768 0.524123 0.227246 0.616504 0.238782 0.609834
0 0.551155 0.805281 0.507209 0.830690 0.517838 0.946510 0.561783 0.921101
0 0.567513 0.756619 0.526864 0.780122 0.536734 0.887670 0.577383 0.864166
0 0.529328 0.428773 0.500764 0.445288 0.506078 0.503198 0.534642 0.486682
0 0.585816 0.703929 0.544069 0.728067 0.553053 0.825963 0.594800 0.801825
0 0.243993 0.515346 0.232458 0.522016 0.240303 0.607502 0.251838 0.600832
0 0.481368 0.460858 0.468184 0.468481 0.472993 0.520876 0.486176 0.513253
0 0.255699 0.504222 0.244163 0.510892 0.252388 0.600515 0.263924 0.593845
0 0.500341 0.446984 0.482213 0.457465 0.487275 0.512618 0.505402 0.502137
0 0.559161 0.407167 0.530047 0.424001 0.535615 0.484668 0.564728 0.467834
0 0.282319 0.491734 0.256502 0.506662 0.264473 0.593527 0.290290 0.578599