2 0.530726 0.533497 0.479261 0.558562 0.486348 0.650236 0.537812 0.625171
1 0.268234 0.309661 0.052417 0.414773 0.078295 0.749525 0.294111 0.644414
0 0.760914 0.235456 0.749292 0.241116 0.756486 0.334180 0.768108 0.328520
0 0.546898 0.809558 0.502628 0.831119 0.511647 0.947796 0.555918 0.926234
0 0.520758 0.783374 0.479807 0.803318 0.488183 0.911661 0.529133 0.891717
0 0.490453 0.450778 0.461678 0.464793 0.466187 0.523131 0.494963 0.509116
0 0.496615 0.753334 0.454558 0.773817 0.462182 0.872438 0.504239 0.851955
0 0.748062 0.247481 0.736442 0.253141 0.743099 0.339259 0.754719 0.333600
0 0.523978 0.438774 0.510696 0.445242 0.514777 0.498025 0.528058 0.491556
0 0.735566 0.249243 0.723944 0.254903 0.730924 0.345189 0.742545 0.339529
0 0.509375 0.443003 0.491114 0.451897 0.495409 0.507458 0.513670 0.498564
0 0.460248 0.461165 0.430919 0.475450 0.435644 0.536566 0.464973 0.522281
0 0.723606 0.257951 0.697598 0.270618 0.704362 0.358126 0.730370 0.345459