2 0.469793 0.536349 0.464073 0.628623 0.515874 0.648854 0.521594 0.556580
1 0.728777 0.288103 0.707891 0.625044 0.925119 0.709885 0.946005 0.372943
0 0.235338 0.260059 0.229531 0.353732 0.241229 0.358300 0.247035 0.264627
0 0.457733 0.813732 0.450453 0.931171 0.495012 0.948575 0.502292 0.831135
0 0.483466 0.785119 0.476706 0.894171 0.517924 0.910269 0.524684 0.801217
0 0.508809 0.449919 0.505169 0.508639 0.534133 0.519951 0.537773 0.461231
0 0.507146 0.752841 0.500992 0.852107 0.543324 0.868640 0.549477 0.769374
0 0.248360 0.270872 0.242986 0.357554 0.254683 0.362123 0.260056 0.275441
0 0.475129 0.441060 0.471836 0.494188 0.485204 0.499409 0.488498 0.446281
0 0.260873 0.271464 0.255240 0.362340 0.266937 0.366909 0.272570 0.276032
0 0.489785 0.443920 0.486318 0.499844 0.504699 0.507023 0.508165 0.451099
0 0.539147 0.457472 0.535334 0.518988 0.564855 0.530517 0.568668 0.469002
0 0.272954 0.279046 0.267494 0.367126 0.293672 0.377350 0.299132 0.289270