2 0.470083 0.537826 0.465083 0.630363 0.517032 0.648045 0.522031 0.555508
1 0.727081 0.276902 0.708826 0.614805 0.926674 0.688956 0.944929 0.351052
0 0.233518 0.273109 0.228443 0.367050 0.240173 0.371042 0.245248 0.277102
0 0.460188 0.815748 0.453825 0.933523 0.498512 0.948734 0.504875 0.830959
0 0.485693 0.785877 0.479785 0.895240 0.521120 0.909310 0.527029 0.799947
0 0.508417 0.449496 0.505236 0.508383 0.534282 0.518270 0.537463 0.459383
0 0.509116 0.752441 0.503738 0.851990 0.546191 0.866440 0.551569 0.766891
0 0.246621 0.283281 0.241925 0.370211 0.253654 0.374203 0.258351 0.287274
0 0.474675 0.442294 0.471796 0.495573 0.485202 0.500136 0.488081 0.446857
0 0.259137 0.283257 0.254213 0.374393 0.265944 0.378386 0.270867 0.287250
0 0.489349 0.444433 0.486319 0.500516 0.504753 0.506791 0.507782 0.450707
0 0.538808 0.455557 0.535475 0.517248 0.565080 0.527325 0.568413 0.465633
0 0.271275 0.290245 0.266503 0.378576 0.292755 0.387512 0.297527 0.299181