1 0.732771 0.317554 0.705091 0.651396 0.920321 0.763831 0.948001 0.429989
0 0.451092 0.812092 0.441904 0.922910 0.483846 0.944821 0.493034 0.834002
0 0.265901 0.247091 0.258665 0.334361 0.282395 0.346758 0.289631 0.259488
0 0.239963 0.233541 0.232956 0.318041 0.247305 0.325536 0.254311 0.241037
0 0.478591 0.785990 0.469862 0.891268 0.509596 0.912025 0.518325 0.806747
0 0.457339 0.722860 0.449759 0.814286 0.491701 0.836196 0.499282 0.744770
0 0.253989 0.237978 0.246638 0.326633 0.257675 0.332399 0.265026 0.243744
0 0.476147 0.433521 0.471783 0.486159 0.486683 0.493943 0.491048 0.441305
0 0.505097 0.438527 0.500043 0.499478 0.534811 0.517641 0.539865 0.456690
2 0.468752 0.536606 0.460827 0.632186 0.508840 0.657268 0.516765 0.561687
0 0.492497 0.437726 0.487558 0.497291 0.499699 0.503633 0.504638 0.444068