1 0.924795 0.135973 0.705370 0.169959 0.713737 0.510307 0.933161 0.476322
0 0.528365 0.826793 0.485605 0.833416 0.488383 0.946394 0.531142 0.939772
0 0.271811 0.407223 0.247618 0.410970 0.249806 0.499941 0.273999 0.496194
0 0.235803 0.412800 0.221175 0.415066 0.223292 0.501212 0.237921 0.498947
0 0.549898 0.783765 0.509389 0.790039 0.512028 0.897369 0.552537 0.891095
0 0.525018 0.736585 0.482259 0.743207 0.484550 0.836415 0.527310 0.829792
0 0.246423 0.408320 0.235171 0.410063 0.237392 0.500446 0.248645 0.498703
0 0.485199 0.449307 0.470008 0.451660 0.471327 0.505324 0.486518 0.502971
0 0.533905 0.431839 0.498459 0.437329 0.499987 0.499468 0.535433 0.493978
2 0.522652 0.548409 0.473703 0.555991 0.476098 0.653434 0.525047 0.645853
0 0.498598 0.442978 0.486221 0.444896 0.487714 0.505621 0.500091 0.503704