1 0.718442 0.227928 0.712025 0.568543 0.931621 0.594608 0.938038 0.253992
0 0.471257 0.827516 0.469127 0.940582 0.511920 0.945662 0.514050 0.832595
0 0.252967 0.342660 0.251290 0.431701 0.275502 0.434574 0.277179 0.345534
0 0.226503 0.339519 0.224878 0.425733 0.239518 0.427470 0.241142 0.341257
0 0.496778 0.790883 0.494754 0.898297 0.535295 0.903108 0.537318 0.795695
0 0.471835 0.736928 0.470078 0.830209 0.512871 0.835288 0.514628 0.742007
0 0.240632 0.338363 0.238928 0.428817 0.250190 0.430153 0.251894 0.339699
0 0.472278 0.443766 0.471267 0.497472 0.486470 0.499276 0.487481 0.445570
0 0.501182 0.437280 0.500010 0.499468 0.535483 0.503678 0.536655 0.441491
2 0.471435 0.548486 0.469598 0.646006 0.518585 0.651821 0.520422 0.554301
0 0.488688 0.441464 0.487543 0.502237 0.499930 0.503707 0.501075 0.442934