1 0.111425 0.000000 0.076904 0.265776 0.289530 0.405998 0.324051 0.076196
0 0.446909 0.806764 0.435449 0.916241 0.476884 0.943567 0.488343 0.834089
0 0.731023 0.520140 0.721999 0.606354 0.745443 0.621814 0.754467 0.535600
0 0.765916 0.543151 0.757179 0.626628 0.771353 0.635976 0.780091 0.552499
0 0.429112 0.754065 0.418225 0.858069 0.457479 0.883956 0.468365 0.779952
0 0.457166 0.719900 0.447712 0.810220 0.489147 0.837545 0.498601 0.747226
0 0.755844 0.533582 0.746677 0.621165 0.757581 0.628356 0.766748 0.540773
0 0.518439 0.457480 0.512996 0.509481 0.527716 0.519189 0.533159 0.467188
0 0.472009 0.416620 0.465707 0.476833 0.500054 0.499484 0.506357 0.439271
2 0.474036 0.536455 0.464153 0.630879 0.511585 0.662160 0.521468 0.567736
0 0.505784 0.444745 0.499624 0.503589 0.511618 0.511499 0.517778 0.452655