2 0.472537 0.537246 0.466715 0.629479 0.518493 0.650071 0.524315 0.557837
1 0.090971 0.035955 0.069712 0.372750 0.286846 0.459101 0.308104 0.122306
0 0.769530 0.470554 0.763620 0.564187 0.775312 0.568836 0.781222 0.475204
0 0.457386 0.813436 0.449977 0.930825 0.494517 0.948538 0.501927 0.831150
0 0.439725 0.767733 0.432845 0.876737 0.474045 0.893122 0.480925 0.784118
0 0.468779 0.434039 0.465074 0.492733 0.494025 0.504246 0.497729 0.445552
0 0.420013 0.718349 0.413750 0.817571 0.456063 0.834399 0.462326 0.735177
0 0.755816 0.470831 0.750347 0.557475 0.762038 0.562125 0.767507 0.475480
0 0.517508 0.457715 0.514156 0.510820 0.527518 0.516134 0.530870 0.463029
0 0.743831 0.461767 0.738098 0.552604 0.749790 0.557254 0.755524 0.466417
0 0.498198 0.447170 0.494670 0.503070 0.513043 0.510377 0.516571 0.454477
0 0.438421 0.417668 0.434540 0.479157 0.464048 0.490892 0.467929 0.429403
0 0.716931 0.453934 0.711374 0.541976 0.737541 0.552382 0.743098 0.464341