2 0.471342 0.531061 0.462322 0.621659 0.513182 0.653561 0.522202 0.562963
1 0.108747 0.000000 0.075811 0.278583 0.289094 0.412368 0.322030 0.081545
0 0.769521 0.529960 0.760365 0.621932 0.771849 0.629136 0.781006 0.537164
0 0.446607 0.802856 0.435127 0.918163 0.478877 0.945606 0.490357 0.830299
0 0.430609 0.753444 0.419949 0.860515 0.460419 0.885900 0.471079 0.778829
0 0.471202 0.427425 0.465462 0.485078 0.493899 0.502916 0.499639 0.445262
0 0.412697 0.699913 0.402994 0.797376 0.444557 0.823447 0.454260 0.725984
0 0.755850 0.527219 0.747377 0.612326 0.758861 0.619530 0.767334 0.534422
0 0.518917 0.461729 0.513724 0.513892 0.526849 0.522125 0.532042 0.469962
0 0.744228 0.515553 0.735345 0.604779 0.746830 0.611983 0.755713 0.522757
0 0.500050 0.446977 0.494583 0.501886 0.512630 0.513206 0.518097 0.458298
0 0.441533 0.404439 0.435520 0.464837 0.464504 0.483018 0.470517 0.422620
0 0.717705 0.501833 0.709095 0.588314 0.734798 0.604436 0.743408 0.517955