2 0.525311 0.545857 0.472907 0.549448 0.473922 0.642797 0.526326 0.639207
1 0.929523 0.172790 0.709762 0.187849 0.713470 0.528718 0.933230 0.513659
0 0.234257 0.383208 0.222424 0.384019 0.223454 0.478784 0.235288 0.477973
0 0.526087 0.824647 0.481008 0.827736 0.482300 0.946545 0.527379 0.943456
0 0.545957 0.785068 0.504259 0.787925 0.505459 0.898248 0.547157 0.895391
0 0.534361 0.444741 0.505060 0.446749 0.505706 0.506152 0.535007 0.504145
0 0.568051 0.742506 0.525226 0.745440 0.526318 0.845863 0.569143 0.842929
0 0.247842 0.387939 0.236009 0.388750 0.236963 0.476443 0.248796 0.475632
0 0.484821 0.452381 0.471297 0.453308 0.471881 0.507055 0.485405 0.506128
0 0.260193 0.382846 0.248359 0.383657 0.249359 0.475593 0.261193 0.474782
0 0.504512 0.448201 0.485916 0.449475 0.486532 0.506051 0.505127 0.504777
0 0.565307 0.438374 0.535442 0.440420 0.536119 0.502653 0.565984 0.500606
0 0.287271 0.383822 0.260788 0.385637 0.261757 0.474744 0.288240 0.472929