2 0.472379 0.547574 0.472379 0.640958 0.524803 0.640958 0.524803 0.547574
1 0.713078 0.202333 0.713078 0.543329 0.932920 0.543329 0.932920 0.202333
0 0.223788 0.365049 0.223788 0.459849 0.235626 0.459849 0.235626 0.365049
0 0.477452 0.826313 0.477452 0.945166 0.522548 0.945166 0.522548 0.826313
0 0.501127 0.788110 0.501127 0.898474 0.542841 0.898474 0.542841 0.788110
0 0.505637 0.447115 0.505637 0.506541 0.534949 0.506541 0.534949 0.447115
0 0.522548 0.747077 0.522548 0.847537 0.565389 0.847537 0.565389 0.747077
0 0.237317 0.370709 0.237317 0.458434 0.249154 0.458434 0.249154 0.370709
0 0.471815 0.451359 0.471815 0.505126 0.485344 0.505126 0.485344 0.451359
0 0.249718 0.366464 0.249718 0.458434 0.261556 0.458434 0.261556 0.366464
0 0.486471 0.448529 0.486471 0.505126 0.505073 0.505126 0.505073 0.448529
0 0.536077 0.442870 0.536077 0.505126 0.565953 0.505126 0.565953 0.442870
0 0.262120 0.369294 0.262120 0.458434 0.288613 0.458434 0.288613 0.369294