2 0.527340 0.537814 0.475496 0.557331 0.481013 0.649682 0.532858 0.630165
1 0.910544 0.044459 0.693133 0.126301 0.713282 0.463526 0.930692 0.381683
0 0.230576 0.464962 0.218869 0.469369 0.224470 0.563121 0.236177 0.558713
0 0.541580 0.814310 0.496982 0.831098 0.504005 0.948637 0.548602 0.931849
0 0.559391 0.768975 0.518138 0.784504 0.524659 0.893647 0.565912 0.878118
0 0.531438 0.434689 0.502450 0.445601 0.505961 0.504370 0.534949 0.493458
0 0.579265 0.720002 0.536898 0.735950 0.542834 0.835299 0.585201 0.819351
0 0.244289 0.465523 0.232583 0.469930 0.237766 0.556685 0.249472 0.552278
0 0.482632 0.457353 0.469253 0.462390 0.472430 0.515562 0.485809 0.510525
0 0.256303 0.456708 0.244596 0.461115 0.250030 0.552068 0.261737 0.547661
0 0.501976 0.447210 0.483579 0.454135 0.486924 0.510106 0.505320 0.503181
0 0.561848 0.418949 0.532302 0.430071 0.535981 0.491639 0.565526 0.480516
0 0.283228 0.449434 0.257028 0.459297 0.262295 0.547451 0.288495 0.537588