2 0.474548 0.545362 0.473243 0.638689 0.525635 0.643302 0.526939 0.549976
1 0.071504 0.164417 0.066741 0.505203 0.286448 0.524550 0.291211 0.183764
0 0.766096 0.388398 0.764772 0.483140 0.776603 0.484182 0.777927 0.389440
0 0.472908 0.824128 0.471248 0.942908 0.516316 0.946877 0.517976 0.828097
0 0.453161 0.784163 0.451619 0.894459 0.493308 0.898130 0.494849 0.787834
0 0.465811 0.444072 0.464981 0.503461 0.494275 0.506041 0.495105 0.446651
0 0.431200 0.741171 0.429797 0.841569 0.472611 0.845339 0.474015 0.744941
0 0.752498 0.392864 0.751272 0.480535 0.763102 0.481577 0.764327 0.393906
0 0.515326 0.452679 0.514575 0.506413 0.528096 0.507603 0.528847 0.453869
0 0.740163 0.387530 0.738878 0.479444 0.750709 0.480486 0.751993 0.388572
0 0.495649 0.448114 0.494859 0.504676 0.513449 0.506313 0.514240 0.449751
0 0.434886 0.437101 0.434016 0.499319 0.463874 0.501948 0.464743 0.439730
0 0.713083 0.387977 0.711838 0.477063 0.738314 0.479394 0.739559 0.390309