2 0.471842 0.533818 0.464223 0.625223 0.515536 0.652168 0.523155 0.560763
1 0.100537 0.000000 0.072719 0.319898 0.287902 0.432893 0.315720 0.099122
0 0.769781 0.503792 0.762048 0.596583 0.773635 0.602668 0.781368 0.509877
0 0.451310 0.807809 0.441614 0.924144 0.485754 0.947322 0.495450 0.830988
0 0.434563 0.759986 0.425560 0.868011 0.466390 0.889451 0.475393 0.781426
0 0.470106 0.430272 0.465258 0.488439 0.493949 0.503505 0.498797 0.445338
0 0.415840 0.708233 0.407645 0.806564 0.449578 0.828584 0.457774 0.730252
0 0.756078 0.502379 0.748922 0.588245 0.760508 0.594329 0.767664 0.508463
0 0.518314 0.459923 0.513927 0.512550 0.527170 0.519504 0.531556 0.466876
0 0.744285 0.491849 0.736782 0.581871 0.748370 0.587955 0.755872 0.497934
0 0.499233 0.447012 0.494616 0.502410 0.512824 0.511971 0.517441 0.456573
0 0.440105 0.410182 0.435026 0.471119 0.464269 0.486474 0.469348 0.425538
0 0.717571 0.480713 0.710299 0.567964 0.736230 0.581581 0.743502 0.494330