2 0.526791 0.540213 0.474704 0.555123 0.478920 0.647906 0.531006 0.632996
1 0.916695 0.081123 0.698269 0.143648 0.713662 0.482448 0.932088 0.419923
0 0.231237 0.441109 0.219475 0.444476 0.223754 0.538665 0.235516 0.535298
0 0.537133 0.817799 0.492327 0.830624 0.497693 0.948712 0.542498 0.935886
0 0.555571 0.774070 0.514125 0.785934 0.519107 0.895587 0.560553 0.883723
0 0.532337 0.437516 0.503213 0.445852 0.505896 0.504896 0.535019 0.496559
0 0.576121 0.726888 0.533556 0.739073 0.538091 0.838886 0.580656 0.826701
0 0.244933 0.442885 0.233172 0.446252 0.237132 0.533412 0.248893 0.530045
0 0.483243 0.455841 0.469801 0.459688 0.472228 0.513109 0.485670 0.509261
0 0.257064 0.435140 0.245302 0.438507 0.249453 0.529885 0.261215 0.526518
0 0.502717 0.447418 0.484235 0.452708 0.486790 0.508941 0.505272 0.503650
0 0.562949 0.424480 0.533266 0.432977 0.536076 0.494832 0.565760 0.486335
0 0.284074 0.430257 0.257752 0.437791 0.261776 0.526357 0.288098 0.518822