2 0.469796 0.536364 0.464084 0.628641 0.515886 0.648846 0.521599 0.556569
1 0.728760 0.287987 0.707901 0.624939 0.925135 0.709670 0.945995 0.372718
0 0.235319 0.260193 0.229520 0.353868 0.241217 0.358431 0.247017 0.264755
0 0.457758 0.813753 0.450487 0.931196 0.495048 0.948577 0.502319 0.831134
0 0.483489 0.785128 0.476738 0.894183 0.517957 0.910260 0.524708 0.801205
0 0.508805 0.449915 0.505170 0.508636 0.534134 0.519933 0.537770 0.461212
0 0.507166 0.752837 0.501021 0.852106 0.543354 0.868618 0.549499 0.769349
0 0.248341 0.271000 0.242975 0.357685 0.254671 0.362247 0.260038 0.275562
0 0.475125 0.441073 0.471836 0.494202 0.485204 0.499417 0.488493 0.446287
0 0.260855 0.271585 0.255229 0.362464 0.266926 0.367027 0.272552 0.276147
0 0.489780 0.443925 0.486318 0.499851 0.504699 0.507020 0.508161 0.451095
0 0.539144 0.457452 0.535336 0.518970 0.564857 0.530485 0.568666 0.468967
0 0.272937 0.279161 0.267484 0.367244 0.293663 0.377455 0.299115 0.289372