2 0.469668 0.535688 0.463629 0.627833 0.515357 0.649195 0.521397 0.557050
1 0.729503 0.293109 0.707449 0.629581 0.924375 0.719165 0.946429 0.382692
0 0.236180 0.254286 0.230049 0.347828 0.241730 0.352652 0.247861 0.259109
0 0.456646 0.812796 0.448959 0.930073 0.493457 0.948449 0.501144 0.831172
0 0.482478 0.784747 0.475340 0.893647 0.516501 0.910645 0.523639 0.801745
0 0.508983 0.450114 0.505139 0.508751 0.534062 0.520696 0.537906 0.462058
0 0.506269 0.752988 0.499771 0.852115 0.542044 0.869572 0.548542 0.770445
0 0.249164 0.265383 0.243490 0.351945 0.255170 0.356768 0.260844 0.270207
0 0.475335 0.440519 0.471857 0.493573 0.485207 0.499086 0.488684 0.446032
0 0.261675 0.266248 0.255726 0.356998 0.281869 0.367794 0.287817 0.277044
0 0.492296 0.443222 0.488269 0.504653 0.503844 0.511084 0.507871 0.449654