2 0.529348 0.540539 0.477177 0.553455 0.480829 0.646388 0.533000 0.633472
1 0.276311 0.256269 0.057530 0.310434 0.070865 0.649784 0.289645 0.595618
0 0.769601 0.297647 0.757820 0.300564 0.761527 0.394906 0.773308 0.391989
0 0.535200 0.819182 0.490322 0.830293 0.494969 0.948572 0.539848 0.937461
0 0.510145 0.786996 0.468633 0.797274 0.472948 0.907105 0.514461 0.896827
0 0.492322 0.448759 0.463152 0.455981 0.465476 0.515120 0.494646 0.507898
0 0.487223 0.751439 0.444589 0.761995 0.448517 0.861969 0.491152 0.851414
0 0.756358 0.306613 0.744579 0.309529 0.748009 0.396831 0.759789 0.393914
0 0.526147 0.444650 0.512683 0.447983 0.514786 0.501490 0.528249 0.498157
0 0.743851 0.305444 0.717485 0.311971 0.721082 0.403497 0.747448 0.396970
0 0.509151 0.444593 0.493444 0.448482 0.495878 0.510437 0.511586 0.506548