2 0.473419 0.541081 0.469683 0.633993 0.521841 0.647208 0.525578 0.554296
1 0.081179 0.094704 0.067535 0.433976 0.286266 0.489396 0.299909 0.150124
0 0.768437 0.432377 0.764644 0.526697 0.776422 0.529681 0.780215 0.435361
0 0.464510 0.818979 0.459754 0.937231 0.504622 0.948599 0.509378 0.830347
0 0.445848 0.775854 0.441432 0.885660 0.482935 0.896175 0.487351 0.786369
0 0.467344 0.438572 0.464966 0.497698 0.494130 0.505087 0.496507 0.445961
0 0.425056 0.729344 0.421036 0.829296 0.463661 0.840096 0.467680 0.740144
0 0.754751 0.434598 0.751241 0.521879 0.763018 0.524863 0.766528 0.437582
0 0.516528 0.455300 0.514377 0.508795 0.527837 0.512205 0.529989 0.458710
0 0.728000 0.423553 0.724320 0.515058 0.750680 0.521737 0.754359 0.430232
0 0.497629 0.446245 0.495138 0.508187 0.510842 0.512166 0.513333 0.450224