2 0.528804 0.542925 0.476493 0.551554 0.478933 0.644737 0.531244 0.636109
1 0.279604 0.238044 0.060236 0.274228 0.069144 0.614490 0.288512 0.578306
0 0.772092 0.319878 0.760280 0.321826 0.762756 0.416422 0.774569 0.414474
0 0.531024 0.821900 0.486025 0.829322 0.489130 0.947919 0.534129 0.940497
0 0.506402 0.787675 0.464778 0.794541 0.467661 0.904668 0.509285 0.897802
0 0.492994 0.448157 0.463745 0.452981 0.465297 0.512279 0.494546 0.507455
0 0.483955 0.750256 0.441206 0.757308 0.443831 0.857551 0.486579 0.850500
0 0.758740 0.327752 0.746929 0.329701 0.749220 0.417237 0.761032 0.415288
0 0.526854 0.446825 0.513354 0.449051 0.514758 0.502703 0.528258 0.500476
0 0.746255 0.325558 0.719818 0.329918 0.722221 0.421690 0.748657 0.417330
0 0.509868 0.445373 0.494118 0.447971 0.495745 0.510093 0.511495 0.507495