1 0.083991 0.076851 0.068046 0.415490 0.286369 0.480256 0.302313 0.141617
0 0.464391 0.822295 0.459098 0.934706 0.501643 0.947327 0.506936 0.834916
0 0.729900 0.439435 0.725732 0.527959 0.749803 0.535100 0.753971 0.446576
0 0.765728 0.450063 0.761692 0.535777 0.776246 0.540094 0.780282 0.454381
0 0.443851 0.776308 0.438823 0.883099 0.479128 0.895056 0.484156 0.788265
0 0.469744 0.732698 0.465378 0.825437 0.507922 0.838058 0.512289 0.745319
0 0.755224 0.444097 0.750990 0.534027 0.762186 0.537348 0.766420 0.447419
0 0.515908 0.451466 0.513394 0.504861 0.528509 0.509344 0.531023 0.455950
0 0.467668 0.427182 0.464757 0.489008 0.500025 0.499471 0.502936 0.437644
2 0.476304 0.545150 0.471739 0.642104 0.520442 0.656552 0.525007 0.559598
0 0.502671 0.443265 0.499826 0.503685 0.512142 0.507339 0.514987 0.446918