1 0.266972 0.319628 0.051903 0.433979 0.080055 0.767573 0.295124 0.653222
0 0.549349 0.811654 0.507438 0.833938 0.516783 0.944674 0.558694 0.922390
0 0.733740 0.245008 0.710027 0.257616 0.717387 0.344821 0.741099 0.332213
0 0.759659 0.231227 0.745321 0.238851 0.752447 0.323287 0.766785 0.315664
0 0.521813 0.785797 0.482108 0.806908 0.490986 0.912108 0.530691 0.890997
0 0.542975 0.722479 0.501064 0.744762 0.508774 0.836120 0.550685 0.813836
0 0.745639 0.235789 0.734610 0.241653 0.742086 0.330242 0.753115 0.324378
0 0.523759 0.433309 0.508869 0.441226 0.513308 0.493825 0.528198 0.485908
0 0.494816 0.438573 0.460074 0.457045 0.465214 0.517951 0.499956 0.499479
2 0.531299 0.536327 0.483322 0.561836 0.491382 0.657346 0.539360 0.631837
0 0.507415 0.437660 0.495283 0.444110 0.500306 0.503630 0.512438 0.497180