1 0.733469 0.323263 0.704493 0.656411 0.919276 0.774112 0.948252 0.440963
0 0.449881 0.810879 0.440263 0.921467 0.482118 0.944404 0.491736 0.833816
0 0.266895 0.241371 0.259320 0.328459 0.283001 0.341437 0.290576 0.254348
0 0.241011 0.227186 0.233676 0.311510 0.247995 0.319357 0.255329 0.235033
0 0.477480 0.785452 0.468342 0.890511 0.507994 0.912241 0.517132 0.807181
0 0.456475 0.721805 0.448540 0.813041 0.490395 0.835977 0.498330 0.744741
0 0.255019 0.231966 0.247324 0.320437 0.258338 0.326473 0.266034 0.238002
0 0.476407 0.432940 0.471838 0.485469 0.486707 0.493617 0.491276 0.441089
0 0.505336 0.438655 0.500045 0.499479 0.534741 0.518493 0.540031 0.457668
2 0.468611 0.535839 0.460315 0.631221 0.508228 0.657477 0.516525 0.562095
0 0.492739 0.437545 0.487569 0.496986 0.499685 0.503626 0.504855 0.444185