1 0.264070 0.345214 0.051183 0.482914 0.085083 0.813123 0.297970 0.675422
0 0.554697 0.805977 0.513212 0.832811 0.524465 0.942423 0.565950 0.915590
0 0.729105 0.219756 0.705633 0.234938 0.714495 0.321258 0.737967 0.306076
0 0.754761 0.203161 0.740569 0.212341 0.749149 0.295920 0.763342 0.286740
0 0.526740 0.783148 0.487438 0.808570 0.498129 0.912702 0.537431 0.887281
0 0.546786 0.717581 0.505300 0.744415 0.514584 0.834846 0.556070 0.808012
0 0.740834 0.209247 0.729916 0.216309 0.738919 0.303999 0.749836 0.296937
0 0.522582 0.430781 0.507843 0.440314 0.513189 0.492379 0.527927 0.482846
0 0.493758 0.439196 0.459368 0.461440 0.465557 0.521728 0.499947 0.499484
2 0.531899 0.532879 0.484408 0.563597 0.494114 0.658137 0.541605 0.627419
0 0.506329 0.436910 0.494320 0.444677 0.500369 0.503594 0.512378 0.495826