2 0.530820 0.545154 0.472269 0.552557 0.474453 0.661368 0.533004 0.653965
0 0.761886 0.443687 0.708966 0.450378 0.710611 0.532339 0.763531 0.525648
1 0.869212 0.000000 0.704820 0.018804 0.710719 0.312735 0.875110 0.291950
1 0.265463 0.231610 0.065040 0.256950 0.071733 0.590448 0.272155 0.565108
0 0.529736 0.828634 0.485260 0.834258 0.487443 0.943068 0.531920 0.937444
0 0.504592 0.785061 0.461805 0.790471 0.464074 0.903522 0.506861 0.898112
0 0.504258 0.430925 0.474420 0.434697 0.475469 0.486983 0.505307 0.483211
0 0.773101 0.327515 0.759589 0.329223 0.761631 0.430969 0.775143 0.429261
0 0.759731 0.336289 0.736086 0.339279 0.737901 0.429719 0.761546 0.426729
0 0.483024 0.750953 0.439674 0.756434 0.441546 0.849701 0.484896 0.844220
0 0.522216 0.425822 0.501949 0.428384 0.503112 0.486322 0.523379 0.483759