2 0.531619 0.541528 0.473267 0.555720 0.477453 0.664161 0.535805 0.649970
0 0.760568 0.413347 0.707828 0.426174 0.710981 0.507856 0.763721 0.495029
1 0.695735 0.000000 0.707043 0.288475 0.870876 0.248629 0.859568 0.000000
1 0.260769 0.259122 0.061027 0.307702 0.073857 0.640066 0.273599 0.591487
0 0.535759 0.824831 0.491434 0.835611 0.495620 0.944051 0.539945 0.933271
0 0.509839 0.784223 0.467198 0.794594 0.471547 0.907260 0.514188 0.896889
0 0.502981 0.430505 0.473244 0.437737 0.475255 0.489845 0.504992 0.482612
0 0.769631 0.295997 0.756165 0.299272 0.760079 0.400672 0.773545 0.397397
0 0.756436 0.306314 0.732872 0.312045 0.736351 0.402178 0.759916 0.396447
0 0.487666 0.752656 0.444463 0.763163 0.448051 0.856112 0.491254 0.845605
0 0.520826 0.423322 0.500628 0.428235 0.502856 0.485975 0.523055 0.481063