2 0.530628 0.541193 0.472323 0.556545 0.476852 0.664900 0.535157 0.649548
0 0.290485 0.531868 0.237787 0.545743 0.241198 0.627360 0.293896 0.613485
1 0.268064 0.103852 0.104362 0.146956 0.116595 0.439654 0.280296 0.396550
1 0.914822 0.091474 0.715240 0.144026 0.729119 0.476124 0.928701 0.423573
0 0.535102 0.824552 0.490812 0.836214 0.495340 0.944567 0.539630 0.932905
0 0.555585 0.772209 0.512978 0.783428 0.517683 0.896004 0.560290 0.884786
0 0.521262 0.425576 0.491549 0.433400 0.493725 0.485466 0.523438 0.477642
0 0.233024 0.431760 0.219569 0.435302 0.223803 0.536622 0.237258 0.533079
0 0.256864 0.432596 0.233318 0.438796 0.237082 0.528857 0.260627 0.522657
0 0.575360 0.730013 0.532192 0.741379 0.536074 0.834254 0.579242 0.822888
0 0.493674 0.429996 0.473492 0.435310 0.475903 0.493004 0.496085 0.487690