2 0.529087 0.547716 0.470471 0.550296 0.471232 0.659228 0.529848 0.656649
0 0.290174 0.486059 0.237196 0.488391 0.237769 0.570444 0.290748 0.568112
1 0.282652 0.054773 0.118077 0.062017 0.120133 0.356275 0.284707 0.349032
1 0.927393 0.183477 0.726747 0.192308 0.729079 0.526177 0.929725 0.517346
0 0.523736 0.830979 0.479210 0.832939 0.479971 0.941870 0.524497 0.939911
0 0.545954 0.783301 0.503119 0.785187 0.503910 0.898363 0.546744 0.896478
0 0.523757 0.430494 0.493886 0.431809 0.494251 0.484153 0.524123 0.482838
0 0.236395 0.373800 0.222868 0.374395 0.223580 0.476254 0.237107 0.475659
0 0.260116 0.379832 0.236444 0.380874 0.237077 0.471415 0.260748 0.470373
0 0.567115 0.745576 0.523716 0.747486 0.524368 0.840857 0.567767 0.838947
0 0.496121 0.428881 0.475831 0.429774 0.476236 0.487776 0.496526 0.486883