2 0.469342 0.533887 0.462441 0.625650 0.513955 0.650061 0.520856 0.558298
1 0.731379 0.306718 0.706177 0.641795 0.922203 0.744162 0.947405 0.409085
0 0.238556 0.238776 0.231550 0.331930 0.243182 0.337443 0.250189 0.244288
0 0.453727 0.810150 0.444943 0.926940 0.489256 0.947938 0.498040 0.831148
0 0.479814 0.783634 0.471658 0.892082 0.512648 0.911506 0.520804 0.803058
0 0.509448 0.450658 0.505056 0.509052 0.533859 0.522701 0.538251 0.464307
0 0.503896 0.753288 0.496472 0.852004 0.538569 0.871952 0.545994 0.773236
0 0.251432 0.250637 0.244948 0.336840 0.256580 0.342351 0.263063 0.256149
0 0.475899 0.439079 0.471925 0.491913 0.485220 0.498213 0.489193 0.445379
0 0.263931 0.252240 0.257134 0.342614 0.283168 0.354951 0.289966 0.264577
0 0.490510 0.443123 0.486327 0.498737 0.504606 0.507399 0.508789 0.451785