2 0.471569 0.544465 0.469925 0.637758 0.522298 0.643570 0.523942 0.550278
1 0.718108 0.226249 0.712108 0.566912 0.931735 0.591287 0.937736 0.250624
0 0.226432 0.334556 0.224764 0.429263 0.236591 0.430576 0.238259 0.335868
0 0.471732 0.823494 0.469640 0.942231 0.514692 0.947232 0.516784 0.828494
0 0.496056 0.787954 0.494114 0.898210 0.535787 0.902835 0.537729 0.792579
0 0.506562 0.447792 0.505516 0.507160 0.534800 0.510410 0.535846 0.451042
0 0.518178 0.749336 0.516410 0.849698 0.559209 0.854448 0.560977 0.754086
0 0.239849 0.341710 0.238305 0.429350 0.250130 0.430662 0.251674 0.343023
0 0.472699 0.448281 0.471752 0.501996 0.485268 0.503496 0.486214 0.449781
0 0.252312 0.338844 0.250694 0.430724 0.277162 0.433662 0.278780 0.341782
0 0.487390 0.447079 0.486394 0.503621 0.504978 0.505683 0.505974 0.449142