2 0.528924 0.542414 0.476639 0.551969 0.479340 0.645107 0.531626 0.635551
1 0.278873 0.241956 0.059612 0.282026 0.069476 0.622122 0.288738 0.582052
0 0.771579 0.315061 0.759772 0.317218 0.762515 0.411768 0.774321 0.409610
0 0.531929 0.821342 0.486952 0.829561 0.490390 0.948101 0.535367 0.939881
0 0.507211 0.787555 0.465607 0.795158 0.468800 0.905231 0.510404 0.897627
0 0.492848 0.448282 0.463613 0.453625 0.465332 0.512894 0.494567 0.507551
0 0.484659 0.750534 0.441931 0.758343 0.444838 0.858538 0.487566 0.850729
0 0.758249 0.323172 0.746444 0.325329 0.748981 0.412823 0.760787 0.410665
0 0.526703 0.446350 0.513210 0.448816 0.514766 0.502441 0.528259 0.499975
0 0.745758 0.321198 0.719334 0.326027 0.721995 0.417754 0.748419 0.412925
0 0.512004 0.446199 0.493451 0.449590 0.495089 0.506037 0.513642 0.502647