2 0.526732 0.540459 0.474624 0.554891 0.478705 0.647712 0.530813 0.633279
1 0.917301 0.084945 0.698786 0.145468 0.713686 0.484407 0.932202 0.423883
0 0.534429 0.818758 0.490726 0.830862 0.495920 0.948998 0.539622 0.936894
0 0.231386 0.440053 0.219619 0.443312 0.223824 0.538946 0.235590 0.535687
0 0.555543 0.783016 0.511840 0.795121 0.516291 0.896380 0.559994 0.884276
0 0.498933 0.449936 0.486607 0.453350 0.489327 0.515231 0.501653 0.511817
0 0.529414 0.730466 0.489072 0.741639 0.493400 0.840086 0.533742 0.828912
0 0.246576 0.437269 0.232007 0.441304 0.236150 0.535532 0.250718 0.531497
0 0.486108 0.454912 0.468179 0.459877 0.470652 0.516133 0.488581 0.511167
0 0.274030 0.429665 0.247696 0.436959 0.251715 0.528374 0.278049 0.521080
0 0.533672 0.440314 0.498933 0.449936 0.501468 0.507598 0.536207 0.497976