2 0.531112 0.531165 0.479972 0.560099 0.488152 0.651198 0.539293 0.622263
1 0.266061 0.327222 0.051599 0.448558 0.081471 0.781209 0.295933 0.659872
0 0.551681 0.805260 0.508789 0.829527 0.519201 0.945471 0.562093 0.921204
0 0.757754 0.217283 0.746206 0.223817 0.754634 0.317677 0.766183 0.311144
0 0.527082 0.788719 0.484190 0.812986 0.493114 0.912367 0.536006 0.888100
0 0.506613 0.444947 0.494516 0.451791 0.499969 0.512524 0.512067 0.505680
0 0.541673 0.719546 0.502080 0.741947 0.510756 0.838567 0.550350 0.816166
0 0.745780 0.225508 0.731482 0.233598 0.739787 0.326078 0.754085 0.317988
0 0.524884 0.436060 0.507287 0.446016 0.512245 0.501228 0.529842 0.491272
0 0.730383 0.234220 0.704537 0.248843 0.712594 0.338562 0.738439 0.323939
0 0.494516 0.451791 0.460421 0.471081 0.465503 0.527673 0.499598 0.508383