2 0.530124 0.536776 0.478279 0.556274 0.483792 0.648627 0.535637 0.629129
1 0.271703 0.284866 0.054287 0.366629 0.074416 0.703861 0.291832 0.622098
0 0.542676 0.813906 0.499193 0.830258 0.506209 0.947800 0.549692 0.931447
0 0.765280 0.265210 0.753573 0.269613 0.759253 0.364766 0.770960 0.360363
0 0.518623 0.792907 0.475140 0.809259 0.481154 0.910009 0.524637 0.893656
0 0.508195 0.446304 0.495931 0.450916 0.499606 0.512486 0.511870 0.507873
0 0.535185 0.726588 0.495046 0.741683 0.500893 0.839634 0.541032 0.824539
0 0.753100 0.271222 0.738605 0.276673 0.744201 0.370426 0.758696 0.364975
0 0.526675 0.440785 0.508836 0.447493 0.512177 0.503465 0.530016 0.496757
0 0.737490 0.277092 0.711289 0.286946 0.716718 0.377900 0.742919 0.368047
0 0.495931 0.450916 0.461366 0.463914 0.464791 0.521286 0.499355 0.508287