2 0.529176 0.541315 0.476953 0.552847 0.480214 0.645872 0.532436 0.634340
1 0.277349 0.250349 0.058353 0.298708 0.070258 0.638392 0.289255 0.590033
0 0.534977 0.819850 0.491178 0.829521 0.495327 0.947917 0.539126 0.938245
0 0.770487 0.306219 0.758695 0.308823 0.762054 0.404668 0.773846 0.402064
0 0.511478 0.795211 0.467679 0.804883 0.471236 0.906365 0.515035 0.896693
0 0.509483 0.447657 0.497130 0.450384 0.499303 0.512402 0.511657 0.509674
0 0.529619 0.731549 0.489188 0.740476 0.492646 0.839139 0.533077 0.830211
0 0.758183 0.310357 0.743583 0.313581 0.746892 0.408016 0.761493 0.404792
0 0.528063 0.444974 0.510094 0.448942 0.512070 0.505321 0.530039 0.501354
0 0.742460 0.313829 0.716068 0.319656 0.719279 0.411273 0.745671 0.405445
0 0.497130 0.450384 0.462314 0.458072 0.464340 0.515861 0.499155 0.508173