2 0.467619 0.531640 0.457927 0.637838 0.515072 0.670695 0.524764 0.564496
0 0.706463 0.594938 0.699163 0.674932 0.750812 0.704628 0.758112 0.624635
1 0.749247 0.176810 0.723067 0.463683 0.883512 0.555934 0.909691 0.269061
1 0.107785 0.000000 0.078081 0.294602 0.273692 0.407072 0.303396 0.081582
0 0.449589 0.811586 0.439898 0.917784 0.483306 0.942743 0.492998 0.836545
0 0.431765 0.753436 0.421696 0.863772 0.463455 0.887782 0.473524 0.777446
0 0.482462 0.419693 0.477805 0.470724 0.506927 0.487468 0.511584 0.436437
0 0.768308 0.512920 0.759245 0.612223 0.772433 0.619805 0.781495 0.520502
0 0.744601 0.506547 0.736546 0.594816 0.759623 0.608085 0.767678 0.519816
0 0.414157 0.705571 0.405850 0.796598 0.448159 0.820925 0.456466 0.729897
0 0.509637 0.432416 0.504477 0.488962 0.524258 0.500336 0.529418 0.443789