2 0.531722 0.541028 0.473407 0.556141 0.477865 0.664514 0.536180 0.649401
0 0.760346 0.409235 0.707639 0.422894 0.710997 0.504525 0.763704 0.490866
1 0.694467 0.000000 0.706509 0.285210 0.870238 0.242779 0.858197 0.000000
1 0.260170 0.262904 0.060554 0.314635 0.074217 0.646791 0.273832 0.595059
0 0.536573 0.824260 0.492275 0.835740 0.496733 0.944112 0.541030 0.932632
0 0.510551 0.784062 0.467937 0.795106 0.472568 0.907701 0.515183 0.896658
0 0.502807 0.430459 0.473089 0.438160 0.475231 0.490236 0.504949 0.482534
0 0.769114 0.291744 0.755657 0.295232 0.759825 0.396568 0.773282 0.393081
0 0.755946 0.302269 0.732396 0.308372 0.736101 0.398449 0.759651 0.392346
0 0.488299 0.752845 0.445124 0.764034 0.448945 0.856926 0.492120 0.845736
0 0.520633 0.422995 0.500448 0.428226 0.502821 0.485930 0.523007 0.480699