2 0.469616 0.542319 0.465723 0.650828 0.524112 0.664028 0.528005 0.555518
0 0.709679 0.524135 0.706746 0.605869 0.759520 0.617799 0.762452 0.536065
1 0.729591 0.095338 0.719074 0.388456 0.883011 0.425516 0.893528 0.132398
1 0.082831 0.106822 0.070898 0.439397 0.270766 0.484580 0.282699 0.152005
0 0.466802 0.825812 0.462909 0.934321 0.507262 0.944347 0.511156 0.835838
0 0.446015 0.774231 0.441970 0.886968 0.484638 0.896614 0.488683 0.783876
0 0.478305 0.426369 0.476434 0.478509 0.506190 0.485236 0.508060 0.433095
0 0.766548 0.421918 0.762907 0.523382 0.776382 0.526428 0.780022 0.424964
0 0.742715 0.423634 0.739479 0.513824 0.763059 0.519154 0.766295 0.428964
0 0.425995 0.732768 0.422657 0.825777 0.465887 0.835549 0.469225 0.742541
0 0.505916 0.429770 0.503843 0.487547 0.524054 0.492116 0.526127 0.434339