2 0.532481 0.530986 0.475443 0.564994 0.485474 0.670993 0.542512 0.636985
0 0.293847 0.599099 0.242295 0.629836 0.249851 0.709680 0.301403 0.678942
1 0.249727 0.181846 0.089583 0.277330 0.116680 0.563666 0.276824 0.468183
1 0.890503 0.000000 0.695259 0.077630 0.726003 0.402512 0.921248 0.286100
0 0.551407 0.810560 0.508079 0.836393 0.518110 0.942392 0.561438 0.916558
0 0.569044 0.752051 0.527363 0.776903 0.537785 0.887033 0.579466 0.862181
0 0.517280 0.419342 0.488213 0.436673 0.493033 0.487608 0.522101 0.470277
0 0.231742 0.518330 0.218580 0.526178 0.227960 0.625295 0.241122 0.617447
0 0.255428 0.511480 0.232394 0.525213 0.240731 0.613317 0.263766 0.599583
0 0.586498 0.703833 0.544268 0.729012 0.552866 0.819869 0.595096 0.794690
0 0.490147 0.432613 0.470403 0.444384 0.475744 0.500825 0.495488 0.489053