2 0.471212 0.530294 0.461808 0.620645 0.512530 0.653905 0.521934 0.563553
0 0.446416 0.802128 0.434875 0.913014 0.477417 0.940910 0.488957 0.830023
0 0.484457 0.436610 0.479186 0.487262 0.495548 0.497991 0.500819 0.447339
1 0.111111 0.000000 0.076774 0.267265 0.289477 0.406739 0.323814 0.076815
0 0.768549 0.539539 0.759288 0.628522 0.771287 0.636390 0.780548 0.547406
0 0.427878 0.756337 0.417620 0.854903 0.459070 0.882083 0.469328 0.783516
0 0.412258 0.699297 0.402142 0.796495 0.441956 0.822602 0.452072 0.725403
0 0.756668 0.536135 0.748120 0.618274 0.757937 0.624711 0.766486 0.542573
0 0.742773 0.524099 0.733939 0.608976 0.747029 0.617559 0.755863 0.532682
0 0.501650 0.444960 0.495808 0.501087 0.512716 0.512174 0.518558 0.456046
0 0.519530 0.452296 0.513261 0.512531 0.527987 0.522187 0.534256 0.461952
0 0.717139 0.507290 0.708021 0.594905 0.734199 0.612071 0.743318 0.524456
0 0.456240 0.416646 0.450826 0.468666 0.479186 0.487262 0.484600 0.435242