2 0.530399 0.535325 0.478711 0.557305 0.484926 0.649377 0.536613 0.627397
0 0.543947 0.812274 0.500596 0.830710 0.508223 0.943708 0.551574 0.925272
0 0.492128 0.451143 0.475455 0.458234 0.478939 0.509850 0.495612 0.502760
1 0.270107 0.295855 0.053353 0.388031 0.076046 0.724236 0.292799 0.632060
0 0.763539 0.253924 0.751312 0.259124 0.757432 0.349802 0.769659 0.344602
0 0.518439 0.790115 0.476200 0.808078 0.482979 0.908520 0.525218 0.890558
0 0.493194 0.754927 0.452623 0.772181 0.459308 0.871229 0.499880 0.853976
0 0.749927 0.264018 0.739923 0.268273 0.745572 0.351975 0.755577 0.347720
0 0.738623 0.265955 0.725284 0.271627 0.731122 0.358120 0.744461 0.352447
0 0.509725 0.440790 0.492496 0.448117 0.496356 0.505313 0.513586 0.497986
0 0.525004 0.429988 0.509998 0.436369 0.514141 0.497750 0.529147 0.491369
0 0.725840 0.271391 0.699163 0.282736 0.705189 0.372019 0.731866 0.360674
0 0.475361 0.456840 0.446460 0.469130 0.450038 0.522140 0.478939 0.509850