2 0.528799 0.542950 0.476486 0.551534 0.478913 0.644719 0.531225 0.636135
0 0.530980 0.821926 0.487105 0.829125 0.490083 0.943489 0.533959 0.936290
0 0.494162 0.449377 0.477287 0.452146 0.478648 0.504387 0.495523 0.501618
1 0.279640 0.237856 0.060266 0.273852 0.069128 0.614122 0.288502 0.578126
0 0.772190 0.322934 0.759816 0.324965 0.762206 0.416739 0.774580 0.414708
0 0.506510 0.793329 0.463760 0.800344 0.466408 0.902001 0.509158 0.894986
0 0.482833 0.751839 0.441771 0.758577 0.444382 0.858823 0.485444 0.852085
0 0.758238 0.329477 0.748113 0.331139 0.750319 0.415853 0.760445 0.414192
0 0.746915 0.328499 0.733415 0.330715 0.735695 0.418253 0.749195 0.416038
0 0.512089 0.443600 0.494651 0.446462 0.496159 0.504349 0.513597 0.501488
0 0.527728 0.436780 0.512541 0.439272 0.514158 0.501396 0.529346 0.498904
0 0.733976 0.330622 0.706977 0.335053 0.709330 0.425415 0.736330 0.420985
0 0.477250 0.450735 0.448001 0.455535 0.449398 0.509186 0.478648 0.504387