2 0.527206 0.538415 0.475296 0.556789 0.480491 0.649258 0.532401 0.630884
0 0.539363 0.815609 0.495825 0.831019 0.502200 0.944504 0.545738 0.929094
0 0.518348 0.441526 0.501603 0.447453 0.504515 0.499292 0.521260 0.493365
1 0.912121 0.053520 0.694432 0.130570 0.713401 0.468226 0.931089 0.391176
0 0.231424 0.461633 0.219144 0.465979 0.224260 0.557048 0.236540 0.552702
0 0.559879 0.775482 0.517458 0.790497 0.523125 0.891373 0.565546 0.876358
0 0.578013 0.723338 0.537266 0.737760 0.542854 0.837236 0.583601 0.822814
0 0.243382 0.461687 0.233334 0.465244 0.238057 0.549307 0.248104 0.545751
0 0.257737 0.453749 0.244340 0.458490 0.249220 0.545356 0.262617 0.540614
0 0.500887 0.444849 0.483583 0.450974 0.486810 0.508416 0.504114 0.502292
0 0.482789 0.446967 0.467718 0.452302 0.471182 0.513948 0.486252 0.508614
0 0.283971 0.444463 0.257179 0.453946 0.262217 0.543614 0.289009 0.534131
0 0.547294 0.429852 0.518269 0.440125 0.521260 0.493365 0.550285 0.483092