2 0.525389 0.545583 0.472992 0.549741 0.474167 0.643078 0.526565 0.638921
0 0.525517 0.824452 0.481570 0.827938 0.483013 0.942489 0.526960 0.939002
0 0.520763 0.446856 0.503860 0.448197 0.504519 0.500523 0.521421 0.499182
1 0.928957 0.168152 0.709225 0.185585 0.713517 0.526411 0.933249 0.508978
0 0.234658 0.388865 0.222263 0.389848 0.223421 0.481772 0.235815 0.480789
0 0.547643 0.790137 0.504824 0.793534 0.506106 0.895357 0.548926 0.891960
0 0.567920 0.743227 0.526791 0.746491 0.528055 0.846900 0.569185 0.843637
0 0.246543 0.392169 0.236401 0.392973 0.237470 0.477826 0.247612 0.477021
0 0.261156 0.388178 0.247634 0.389251 0.248738 0.476932 0.262260 0.475859
0 0.503261 0.445414 0.485794 0.446800 0.486524 0.504782 0.503991 0.503396
0 0.485178 0.442602 0.469966 0.443809 0.470749 0.506034 0.485962 0.504827
0 0.287637 0.386077 0.260594 0.388223 0.261733 0.478732 0.288777 0.476587
0 0.550042 0.443118 0.520745 0.445443 0.521421 0.499182 0.550719 0.496858