2 0.472379 0.547574 0.472379 0.640958 0.524803 0.640958 0.524803 0.547574
0 0.477452 0.826313 0.477452 0.940921 0.521421 0.940921 0.521421 0.826313
0 0.504510 0.448529 0.504510 0.500881 0.521421 0.500881 0.521421 0.448529
1 0.713078 0.202333 0.713078 0.543329 0.932920 0.543329 0.932920 0.202333
0 0.223788 0.367879 0.223788 0.459849 0.236189 0.459849 0.236189 0.367879
0 0.501127 0.793770 0.501127 0.895644 0.543968 0.895644 0.543968 0.793770
0 0.523675 0.748492 0.523675 0.848952 0.564825 0.848952 0.564825 0.748492
0 0.237880 0.372124 0.237880 0.457019 0.248027 0.457019 0.248027 0.372124
0 0.249154 0.369294 0.249154 0.457019 0.262683 0.457019 0.262683 0.369294
0 0.486471 0.445700 0.486471 0.503711 0.503946 0.503711 0.503946 0.445700
0 0.470688 0.441455 0.470688 0.503711 0.485908 0.503711 0.485908 0.441455
0 0.262120 0.369294 0.262120 0.459849 0.289177 0.459849 0.289177 0.369294
0 0.521421 0.447115 0.521421 0.500881 0.550733 0.500881 0.550733 0.447115