2 0.529945 0.537686 0.478010 0.555612 0.483078 0.648125 0.535014 0.630199
0 0.540048 0.815561 0.496489 0.830596 0.502709 0.944135 0.546268 0.929100
0 0.492739 0.450551 0.475985 0.456334 0.478827 0.508198 0.495580 0.502415
1 0.272753 0.277968 0.054961 0.353141 0.073467 0.690958 0.291260 0.615785
0 0.766466 0.274662 0.754181 0.278903 0.759172 0.370015 0.771458 0.365775
0 0.514827 0.791417 0.472386 0.806066 0.477915 0.906990 0.520356 0.892341
0 0.490032 0.754271 0.449266 0.768342 0.454718 0.867865 0.495484 0.853794
0 0.752736 0.283686 0.742684 0.287156 0.747291 0.371260 0.757344 0.367790
0 0.741414 0.284738 0.728011 0.289364 0.732772 0.376271 0.746175 0.371645
0 0.510456 0.441580 0.493144 0.447556 0.496292 0.505026 0.513604 0.499050
0 0.525861 0.431978 0.510783 0.437182 0.514162 0.498858 0.529240 0.493653
0 0.728569 0.289171 0.701764 0.298423 0.706679 0.388134 0.733483 0.378882
0 0.475908 0.454933 0.446870 0.464956 0.449788 0.518221 0.478827 0.508198