2 0.470049 0.537656 0.464966 0.630164 0.516898 0.648142 0.521981 0.555634
0 0.459902 0.815521 0.453664 0.929054 0.497221 0.944133 0.503459 0.830599
0 0.507269 0.450558 0.504420 0.502419 0.521172 0.508219 0.524022 0.456358
1 0.727282 0.278195 0.708722 0.615994 0.926502 0.691384 0.945063 0.353586
0 0.233569 0.274396 0.228563 0.365504 0.240848 0.369757 0.245854 0.278649
0 0.485127 0.791402 0.479582 0.892321 0.522021 0.907012 0.527566 0.806093
0 0.509928 0.754281 0.504460 0.853799 0.545224 0.867910 0.550692 0.768392
0 0.247298 0.283434 0.242677 0.367533 0.252729 0.371013 0.257350 0.286914
0 0.258620 0.284497 0.253846 0.371399 0.267248 0.376039 0.272023 0.289136
0 0.489553 0.441570 0.486396 0.499037 0.503707 0.505029 0.506865 0.447562
0 0.474149 0.431952 0.470761 0.493624 0.485838 0.498844 0.489227 0.437171
0 0.271465 0.288943 0.266536 0.378649 0.293339 0.387928 0.298268 0.298222
0 0.524099 0.454957 0.521172 0.508219 0.550209 0.518271 0.553136 0.465009