2 0.530850 0.532768 0.479482 0.559050 0.486913 0.650553 0.538281 0.624270
0 0.548059 0.808434 0.504976 0.830477 0.514096 0.942776 0.557179 0.920733
0 0.491485 0.451827 0.474915 0.460305 0.479081 0.511602 0.495651 0.503124
1 0.267529 0.315155 0.052117 0.425370 0.079251 0.759495 0.294663 0.649280
0 0.760133 0.232065 0.747982 0.238282 0.755301 0.328399 0.767452 0.322182
0 0.522272 0.788416 0.480294 0.809894 0.488400 0.909715 0.530378 0.888237
0 0.496575 0.755354 0.456254 0.775984 0.464248 0.874420 0.504569 0.853790
0 0.746663 0.243290 0.736721 0.248377 0.743476 0.331561 0.753418 0.326474
0 0.735391 0.246169 0.722135 0.252951 0.729115 0.338909 0.742372 0.332126
0 0.508936 0.440011 0.491813 0.448772 0.496429 0.505615 0.513552 0.496854
0 0.524063 0.427939 0.509150 0.435570 0.514103 0.496571 0.529017 0.488941
0 0.722686 0.252669 0.696175 0.266234 0.703380 0.354964 0.729892 0.341400
0 0.474802 0.458920 0.446081 0.473615 0.450359 0.526298 0.479081 0.511602