2 0.531788 0.535223 0.474118 0.561668 0.481918 0.668843 0.539589 0.642399
0 0.292059 0.571795 0.239934 0.595696 0.245810 0.676425 0.297934 0.652524
1 0.256726 0.149303 0.094806 0.223551 0.115877 0.513064 0.277797 0.438816
1 0.901234 0.013423 0.703824 0.103945 0.727731 0.432429 0.925141 0.341908
0 0.544840 0.816906 0.501032 0.836994 0.508832 0.944168 0.552640 0.924080
0 0.563677 0.760803 0.521533 0.780127 0.529637 0.891478 0.571781 0.872154
0 0.518944 0.421731 0.489554 0.435207 0.493302 0.486707 0.522692 0.473230
0 0.231729 0.482953 0.218420 0.489055 0.225714 0.589272 0.239023 0.583169
0 0.255525 0.479233 0.232236 0.489913 0.238719 0.578993 0.262008 0.568314
0 0.582115 0.714951 0.539417 0.734530 0.546103 0.826395 0.588801 0.806816
0 0.491570 0.431407 0.471607 0.440561 0.475761 0.497627 0.495723 0.488474