2 0.530679 0.545756 0.472107 0.552013 0.473953 0.660864 0.532524 0.654606
0 0.762053 0.448813 0.709114 0.454468 0.710504 0.536459 0.763443 0.530803
1 0.870759 0.005258 0.706308 0.022826 0.711294 0.316864 0.875745 0.299296
1 0.266303 0.227029 0.065808 0.248447 0.071465 0.582066 0.271960 0.560648
0 0.528715 0.829206 0.484222 0.833959 0.486068 0.942809 0.530560 0.938055
0 0.503707 0.785142 0.460904 0.789715 0.462822 0.902806 0.505624 0.898234
0 0.504472 0.431010 0.474623 0.434199 0.475510 0.486504 0.505359 0.483315
0 0.773628 0.332863 0.760111 0.334307 0.761837 0.436090 0.775354 0.434646
0 0.760231 0.341376 0.736578 0.343903 0.738112 0.434376 0.761765 0.431849
0 0.482245 0.750614 0.438880 0.755246 0.440462 0.848547 0.483827 0.843914
0 0.522446 0.426259 0.502172 0.428425 0.503154 0.486383 0.523429 0.484217