2 0.471251 0.548989 0.471251 0.657938 0.529876 0.657938 0.529876 0.548989
0 0.709696 0.476828 0.709696 0.558893 0.762683 0.558893 0.762683 0.476828
1 0.714205 0.045277 0.714205 0.339581 0.878805 0.339581 0.878805 0.045277
1 0.070462 0.202333 0.070462 0.536254 0.271139 0.536254 0.271139 0.202333
0 0.478579 0.831973 0.478579 0.940921 0.523112 0.940921 0.523112 0.831973
0 0.456032 0.785280 0.456032 0.898474 0.498873 0.898474 0.498873 0.785280
0 0.475761 0.431550 0.475761 0.483902 0.505637 0.483902 0.505637 0.431550
0 0.762683 0.362219 0.762683 0.464094 0.776212 0.464094 0.776212 0.362219
0 0.739008 0.369294 0.739008 0.459849 0.762683 0.459849 0.762683 0.369294
0 0.434611 0.748492 0.434611 0.841877 0.478016 0.841877 0.478016 0.748492
0 0.503382 0.428721 0.503382 0.486732 0.523675 0.486732 0.523675 0.428721