2 0.466745 0.532494 0.457805 0.639107 0.515173 0.669414 0.524113 0.562801
0 0.244850 0.341525 0.238116 0.421831 0.289967 0.449224 0.296701 0.368918
1 0.166628 0.000000 0.142479 0.147189 0.303550 0.232283 0.327699 0.000000
1 0.748379 0.327029 0.720980 0.653791 0.917354 0.757535 0.944753 0.430773
0 0.450144 0.812907 0.441205 0.919520 0.484783 0.942542 0.493722 0.835930
0 0.477695 0.779746 0.468407 0.890514 0.510329 0.912661 0.519617 0.801894
0 0.500100 0.430103 0.495805 0.481333 0.525040 0.496778 0.529336 0.445548
0 0.241015 0.222379 0.232656 0.322070 0.245895 0.329064 0.254254 0.229374
0 0.253674 0.236297 0.246243 0.324910 0.269411 0.337150 0.276841 0.248536
0 0.501123 0.754530 0.493461 0.845912 0.535935 0.868352 0.543598 0.776969
0 0.482681 0.418010 0.477921 0.474777 0.497779 0.485268 0.502539 0.428501