2 0.532659 0.529783 0.475827 0.565893 0.486478 0.671511 0.543311 0.635401
0 0.294450 0.606699 0.243083 0.639337 0.251106 0.718892 0.302473 0.686255
1 0.247889 0.191121 0.088322 0.292506 0.117094 0.577812 0.276661 0.476426
1 0.887303 0.000000 0.692762 0.070467 0.725408 0.394178 0.919949 0.270571
0 0.553221 0.808628 0.510049 0.836058 0.520701 0.941675 0.563872 0.914245
0 0.570514 0.749475 0.528982 0.775863 0.540049 0.885596 0.581580 0.859208
0 0.516806 0.418713 0.487843 0.437115 0.492962 0.487866 0.521924 0.469464
0 0.231879 0.528232 0.218764 0.536565 0.228723 0.635325 0.241839 0.626992
0 0.255522 0.520508 0.232571 0.535091 0.241424 0.622877 0.264375 0.608294
0 0.587683 0.700618 0.545605 0.727353 0.554735 0.817883 0.596813 0.791147
0 0.489753 0.432984 0.470080 0.445483 0.475752 0.501720 0.495424 0.489221