2 0.470092 0.544404 0.467392 0.653142 0.525903 0.662298 0.528604 0.553560
0 0.709864 0.509623 0.707830 0.591529 0.760714 0.599805 0.762748 0.517898
1 0.725062 0.079612 0.717767 0.373346 0.882048 0.399053 0.889343 0.105319
1 0.078673 0.135825 0.070396 0.469099 0.270684 0.500440 0.278961 0.167166
0 0.470391 0.827984 0.467691 0.936721 0.512137 0.943676 0.514838 0.834939
0 0.449046 0.777860 0.446240 0.890835 0.488998 0.897526 0.491803 0.784551
0 0.477505 0.427897 0.476207 0.480148 0.506025 0.484814 0.507323 0.432563
0 0.765589 0.403512 0.763064 0.505189 0.776567 0.507302 0.779092 0.405625
0 0.741785 0.406875 0.739540 0.497255 0.763169 0.500952 0.765414 0.410573
0 0.428578 0.737798 0.426263 0.831002 0.469584 0.837781 0.471899 0.744577
0 0.505142 0.429387 0.503704 0.487286 0.523958 0.490455 0.525396 0.432557