2 0.530118 0.543498 0.471655 0.554420 0.474877 0.663068 0.533340 0.652146
0 0.290197 0.515960 0.237356 0.525831 0.239783 0.607670 0.292624 0.597798
1 0.272940 0.086439 0.108794 0.117105 0.117496 0.410597 0.281642 0.379931
1 0.919551 0.123129 0.719428 0.160516 0.729302 0.493516 0.929425 0.456128
0 0.531178 0.827066 0.486768 0.835363 0.489990 0.944011 0.534400 0.935714
0 0.552283 0.776302 0.509560 0.784283 0.512907 0.897165 0.555630 0.889183
0 0.522148 0.427223 0.492354 0.432789 0.493903 0.484997 0.523696 0.479431
0 0.233967 0.411538 0.220476 0.414059 0.223488 0.515653 0.236980 0.513133
0 0.257786 0.414183 0.234177 0.418594 0.236854 0.508899 0.260464 0.504488
0 0.572557 0.735624 0.529271 0.743711 0.532033 0.836838 0.575318 0.828752
0 0.494520 0.429548 0.474283 0.433328 0.475998 0.491179 0.496235 0.487399